keg0,0,0,0,0
keg1,34,909,1000,1
keg2,49,923,2000,2
keg3,36,888,4000,2
coffee0,0,0,0,0
coffee1,330,859,1500,1
coffee2,359,850,2500,2
coffee3,412,841,6000,2
dessert0,0,0,0,0
dessert1,43,308,1000,1
dessert2,35,294,5000,2
dessert3,26,267,7000,2
tips0,242,278,0,0
tips1,242,278,0,1
tips2,231,267,5000,2
tips3,225,267,9000,2
plant0,0,0,0,0
plant1,480,283,1200,1
plant2,458,247,2800,2
plant3,458,250,4000,2
furnace0,0,0,0,0
furnace1,630,277,5400,1
furnace2,621,277,8700,2
furnace3,621,174,10000,2
goods0,0,0,0,0
goods1,729,377,3700,1
goods2,741,381,6900,2
goods3,747,380,8000,2
window0,0,0,0,0
window1,766,179,2300,1
window2,763,138,4000,2
window3,763,173,7200,2
rack0,0,0,0,0
rack1,900,199,4000,1
rack2,920,199,8000,2
rack3,907,185,10000,2
shelf0,0,0,0,0
shelf1,1074,137,5000,1
shelf2,1074,137,6700,2
shelf3,1073,121,12000,2
cabinet0,0,0,0,0
cabinet1,909,321,6000,1
cabinet2,915,301,9000,2
cabinet3,910,296,12000,2
counter0,0,0,0,0
counter1,655,886,7000,1
counter2,667,860,10000,2
counter3,667,846,14000,2
trash0,0,0,0,0
trash1,926,866,2300,1
trash2,928,865,5800,2
trash3,926,866,6900,2
fridge0,0,0,0,0
fridge1,1071,932,7000,1
fridge2,1084,786,12000,2
fridge3,1084,817,19000,2